255 255 255 255 255 255 255 255 255 255 255 255 255 255 255 255
255 255 255 255 255 255 255 255 255 255 255 255 255 255 255 255
255 255   0   0   0   0   0   0   0   0   0   0   0   0 255 255
255 255   0   0   0   0   0   0   0   0   0   0   0   0 255 255
255 255   0   0   0   0   0   0   0   0   0   0   0   0 255 255
255 255   0   0   0 255 153 229 255 255 255   0   0   0 255 255
255 255   0   0   0 255 255 255  98 255 255   0   0   0 255 255
255 255   0   0   0 255 255 255   0   0   0   0   0   0 255 255
255 255   0   0   0 255 255 255   0   0   0   0   0   0 255 255
255 255   0   0   0 255 158 255 255 255 255   0   0   0 255 255
255 255   0   0   0 254 255 255 255 255 255   0   0   0 255 255
255 255   0   0   0   0   0   0   0   0   0   0   0   0 255 255
255 255   0   0   0   0   0   0   0   0   0   0   0   0 255 255
255 255   0   0   0   0   0   0   0   0   0   0   0   0 255 255
255 255 255 255 255 255 255 255 255 255 255 255 255 255 255 255
255 255 255 255 255 255 255 255 255 255 255 255 255 255 255 255
255 255 255 255 255 255 255 255 255 255 255 255 255 255 255 255
255 255 255 255 255 255 255 255 255 255 255 255 255 255 255 255
255 255   0   0   0   0   0   0   0   0   0   0   0   0 255 255
255 255   0   0   0   0   0   0   0   0   0   0   0   0 255 255
255 255   0   0   0   0   0   0   0   0   0   0   0   0 255 255
255 255   0   0   0 255 153 229 255 255 255   0   0   0 255 255
255 255   0   0   0 255 255 255  98 255 255   0   0   0 255 255
255 255   0   0   0 255 255 255   0   0   0   0   0   0 255 255
255 255   0   0   0 255 255 255   0   0   0   0   0   0 255 255
255 255   0   0   0 255 158 255 255 255 255   0   0   0 255 255
255 255   0   0   0 254 255 255 255 255 255   0   0   0 255 255
255 255   0   0   0   0   0   0   0   0   0   0   0   0 255 255
255 255   0   0   0   0   0   0   0   0   0   0   0   0 255 255
255 255   0   0   0   0   0   0   0   0   0   0   0   0 255 255
255 255 255 255 255 255 255 255 255 255 255 255 255 255 255 255
255 255 255 255 255 255 255 255 255 255 255 255 255 255 255 255
255 255 255 255 255 255 255 255 255 255 255 255 255 255 255 255
255 255 255 255 255 255 255 255 255 255 255 255 255 255 255 255
255 255   0   0   0   0   0   0   0   0   0   0   0   0 255 255
255 255   0   0   0   0   0   0   0   0   0   0   0   0 255 255
255 255   0   0   0   0   0   0   0   0   0   0   0   0 255 255
255 255   0   0   0 255 153 229 255 255 255   0   0   0 255 255
255 255   0   0   0 255 255 255  98 255 255   0   0   0 255 255
255 255   0   0   0 255 255 255   0   0   0   0   0   0 255 255
255 255   0   0   0 255 255 255   0   0   0   0   0   0 255 255
255 255   0   0   0 255 158 255 255 255 255   0   0   0 255 255
255 255   0   0   0 254 255 255 255 255 255   0   0   0 255 255
255 255   0   0   0   0   0   0   0   0   0   0   0   0 255 255
255 255   0   0   0   0   0   0   0   0   0   0   0   0 255 255
255 255   0   0   0   0   0   0   0   0   0   0   0   0 255 255
255 255 255 255 255 255 255 255 255 255 255 255 255 255 255 255
255 255 255 255 255 255 255 255 255 255 255 255 255 255 255 255

255 255 255 255 255 255 255 255 255 255 255 255 255 255 255 255
255 214 153 153 153 153 153 153 153 153 153 153 153 153 214 255
255 153   0   0   0   0   0   0   0   0   0   0   0   0 153 255
255 153   0   0   0   0   0   0   0   0   0   0   0   0 153 255
255 153   0   0  10  51  51  51  51  51  51  10   0   0 153 255
255 153   0   0  51 255 255  52  23 189 255  51   0   0 153 255
255 153   0   0  51 255 252  31   0 183 255  51   0   0 153 255
255 153   0   0  51 236 225  31   0 172 231  51   0   0 153 255
255 153   0   0  33 216 204 149 151 211 255  51   0   0 153 255
255 153   0   0  49 224 221 250 254 222 250  51   0   0 153 255
255 153   0   0  51 255 250 255 255 255 238  51   0   0 153 255
255 153   0   0  10  51  51  51  51  51  51  10   0   0 153 255
255 153   0   0   0   0   0   0   0   0   0   0   0   0 153 255
255 153   0   0   0   0   0   0   0   0   0   0   0   0 153 255
255 214 153 153 153 153 153 153 153 153 153 153 153 153 214 255
255 255 255 255 255 255 255 255 255 255 255 255 255 255 255 255
255 255 255 255 255 255 255 255 255 255 255 255 255 255 255 255
255 214 153 153 153 153 153 153 153 153 153 153 153 153 214 255
255 153   0   0   0   0   0   0   0   0   0   0   0   0 153 255
255 153   0   0   0   0   0   0   0   0   0   0   0   0 153 255
255 153   0   0  10  51  51  51  51  51  51  10   0   0 153 255
255 153   0   0  51 255 255  52  23 189 255  51   0   0 153 255
255 153   0   0  51 255 252  31   0 183 255  51   0   0 153 255
255 153   0   0  51 236 225  31   0 172 231  51   0   0 153 255
255 153   0   0  33 216 204 149 151 211 255  51   0   0 153 255
255 153   0   0  49 224 221 250 254 222 250  51   0   0 153 255
255 153   0   0  51 255 250 255 255 255 238  51   0   0 153 255
255 153   0   0  10  51  51  51  51  51  51  10   0   0 153 255
255 153   0   0   0   0   0   0   0   0   0   0   0   0 153 255
255 153   0   0   0   0   0   0   0   0   0   0   0   0 153 255
255 214 153 153 153 153 153 153 153 153 153 153 153 153 214 255
255 255 255 255 255 255 255 255 255 255 255 255 255 255 255 255
255 255 255 255 255 255 255 255 255 255 255 255 255 255 255 255
255 214 153 153 153 153 153 153 153 153 153 153 153 153 214 255
255 153   0   0   0   0   0   0   0   0   0   0   0   0 153 255
255 153   0   0   0   0   0   0   0   0   0   0   0   0 153 255
255 153   0   0  10  51  51  51  51  51  51  10   0   0 153 255
255 153   0   0  51 255 255  52  23 189 255  51   0   0 153 255
255 153   0   0  51 255 252  31   0 183 255  51   0   0 153 255
255 153   0   0  51 236 225  31   0 172 231  51   0   0 153 255
255 153   0   0  33 216 204 149 151 211 255  51   0   0 153 255
255 153   0   0  49 224 221 250 254 222 250  51   0   0 153 255
255 153   0   0  51 255 250 255 255 255 238  51   0   0 153 255
255 153   0   0  10  51  51  51  51  51  51  10   0   0 153 255
255 153   0   0   0   0   0   0   0   0   0   0   0   0 153 255
255 153   0   0   0   0   0   0   0   0   0   0   0   0 153 255
255 214 153 153 153 153 153 153 153 153 153 153 153 153 214 255
255 255 255 255 255 255 255 255 255 255 255 255 255 255 255 255

255 255 255 255 255 255 255 255 255 255 255 255 255 255 255 255
255 214 153 153 153 153 153 153 153 153 153 153 153 153 214 255
255 153   0   0   0   0   0   0   0   0   0   0   0   0 153 255
255 153   0   0   0   0   0   0   0   0   0   0   0   0 153 255
255 153   0   0  10  51  51  51  51  51  51  10   0   0 153 255
255 153   0   0  51 255 255 231 255 250 238  51   0   0 153 255
255 153   0   0  51 189 183 172 211 222 255  51   0   0 153 255
255 153   0   0  51  23   0   0 151 254 255  51   0   0 153 255
255 153   0   0  51  52  31  31 149 250 255  51   0   0 153 255
255 153   0   0  51 255 252 225 204 221 250  51   0   0 153 255
255 153   0   0  51 255 255 236 216 224 255  51   0   0 153 255
255 153   0   0  10  51  51  51  33  49  51  10   0   0 153 255
255 153   0   0   0   0   0   0   0   0   0   0   0   0 153 255
255 153   0   0   0   0   0   0   0   0   0   0   0   0 153 255
255 214 153 153 153 153 153 153 153 153 153 153 153 153 214 255
255 255 255 255 255 255 255 255 255 255 255 255 255 255 255 255
255 255 255 255 255 255 255 255 255 255 255 255 255 255 255 255
255 214 153 153 153 153 153 153 153 153 153 153 153 153 214 255
255 153   0   0   0   0   0   0   0   0   0   0   0   0 153 255
255 153   0   0   0   0   0   0   0   0   0   0   0   0 153 255
255 153   0   0  10  51  51  51  51  51  51  10   0   0 153 255
255 153   0   0  51 255 255 231 255 250 238  51   0   0 153 255
255 153   0   0  51 189 183 172 211 222 255  51   0   0 153 255
255 153   0   0  51  23   0   0 151 254 255  51   0   0 153 255
255 153   0   0  51  52  31  31 149 250 255  51   0   0 153 255
255 153   0   0  51 255 252 225 204 221 250  51   0   0 153 255
255 153   0   0  51 255 255 236 216 224 255  51   0   0 153 255
255 153   0   0  10  51  51  51  33  49  51  10   0   0 153 255
255 153   0   0   0   0   0   0   0   0   0   0   0   0 153 255
255 153   0   0   0   0   0   0   0   0   0   0   0   0 153 255
255 214 153 153 153 153 153 153 153 153 153 153 153 153 214 255
255 255 255 255 255 255 255 255 255 255 255 255 255 255 255 255
255 255 255 255 255 255 255 255 255 255 255 255 255 255 255 255
255 214 153 153 153 153 153 153 153 153 153 153 153 153 214 255
255 153   0   0   0   0   0   0   0   0   0   0   0   0 153 255
255 153   0   0   0   0   0   0   0   0   0   0   0   0 153 255
255 153   0   0  10  51  51  51  51  51  51  10   0   0 153 255
255 153   0   0  51 255 255 231 255 250 238  51   0   0 153 255
255 153   0   0  51 189 183 172 211 222 255  51   0   0 153 255
255 153   0   0  51  23   0   0 151 254 255  51   0   0 153 255
255 153   0   0  51  52  31  31 149 250 255  51   0   0 153 255
255 153   0   0  51 255 252 225 204 221 250  51   0   0 153 255
255 153   0   0  51 255 255 236 216 224 255  51   0   0 153 255
255 153   0   0  10  51  51  51  33  49  51  10   0   0 153 255
255 153   0   0   0   0   0   0   0   0   0   0   0   0 153 255
255 153   0   0   0   0   0   0   0   0   0   0   0   0 153 255
255 214 153 153 153 153 153 153 153 153 153 153 153 153 214 255
255 255 255 255 255 255 255 255 255 255 255 255 255 255 255 255

255 255 255 255 255 255 255 255 255 255 255 255 255 255 255 255
255 214 153 153 153 153 153 153 153 153 153 153 153 153 214 255
255 153   0   0   0   0   0   0   0   0   0   0   0   0 153 255
255 153   0   0   0   0   0   0   0   0   0   0   0   0 153 255
255 153   0   0  10  51  51  51  51  51  51  10   0   0 153 255
255 153   0   0  51 238 255 255 255 250 255  51   0   0 153 255
255 153   0   0  51 250 222 254 250 221 224  49   0   0 153 255
255 153   0   0  51 255 211 151 149 204 216  33   0   0 153 255
255 153   0   0  51 231 172   0  31 225 236  51   0   0 153 255
255 153   0   0  51 255 183   0  31 252 255  51   0   0 153 255
255 153   0   0  51 255 189  23  52 255 255  51   0   0 153 255
255 153   0   0  10  51  51  51  51  51  51  10   0   0 153 255
255 153   0   0   0   0   0   0   0   0   0   0   0   0 153 255
255 153   0   0   0   0   0   0   0   0   0   0   0   0 153 255
255 214 153 153 153 153 153 153 153 153 153 153 153 153 214 255
255 255 255 255 255 255 255 255 255 255 255 255 255 255 255 255
255 255 255 255 255 255 255 255 255 255 255 255 255 255 255 255
255 214 153 153 153 153 153 153 153 153 153 153 153 153 214 255
255 153   0   0   0   0   0   0   0   0   0   0   0   0 153 255
255 153   0   0   0   0   0   0   0   0   0   0   0   0 153 255
255 153   0   0  10  51  51  51  51  51  51  10   0   0 153 255
255 153   0   0  51 238 255 255 255 250 255  51   0   0 153 255
255 153   0   0  51 250 222 254 250 221 224  49   0   0 153 255
255 153   0   0  51 255 211 151 149 204 216  33   0   0 153 255
255 153   0   0  51 231 172   0  31 225 236  51   0   0 153 255
255 153   0   0  51 255 183   0  31 252 255  51   0   0 153 255
255 153   0   0  51 255 189  23  52 255 255  51   0   0 153 255
255 153   0   0  10  51  51  51  51  51  51  10   0   0 153 255
255 153   0   0   0   0   0   0   0   0   0   0   0   0 153 255
255 153   0   0   0   0   0   0   0   0   0   0   0   0 153 255
255 214 153 153 153 153 153 153 153 153 153 153 153 153 214 255
255 255 255 255 255 255 255 255 255 255 255 255 255 255 255 255
255 255 255 255 255 255 255 255 255 255 255 255 255 255 255 255
255 214 153 153 153 153 153 153 153 153 153 153 153 153 214 255
255 153   0   0   0   0   0   0   0   0   0   0   0   0 153 255
255 153   0   0   0   0   0   0   0   0   0   0   0   0 153 255
255 153   0   0  10  51  51  51  51  51  51  10   0   0 153 255
255 153   0   0  51 238 255 255 255 250 255  51   0   0 153 255
255 153   0   0  51 250 222 254 250 221 224  49   0   0 153 255
255 153   0   0  51 255 211 151 149 204 216  33   0   0 153 255
255 153   0   0  51 231 172   0  31 225 236  51   0   0 153 255
255 153   0   0  51 255 183   0  31 252 255  51   0   0 153 255
255 153   0   0  51 255 189  23  52 255 255  51   0   0 153 255
255 153   0   0  10  51  51  51  51  51  51  10   0   0 153 255
255 153   0   0   0   0   0   0   0   0   0   0   0   0 153 255
255 153   0   0   0   0   0   0   0   0   0   0   0   0 153 255
255 214 153 153 153 153 153 153 153 153 153 153 153 153 214 255
255 255 255 255 255 255 255 255 255 255 255 255 255 255 255 255
